67
40
64
53
7
57
21
80
20
74
45
31
75
15
65
34
12
8
25
87
11
68
98
41
74
89
14
51
14
63
43
96
41
94
29
65
18
88
54
34
81
55
85
2
48
29
97
74
15
39
64
45
10
17
73
90
50
99
99
78
53
56
34
31
40
74
73
96
97
62
75
89
31
7
75
84
66
58
73
82
22
37
66
49
76
32
46
24
52
84
38
63
55
33
84
87
47
24
95
81
44
86
61
73
52
16
83
82
13
22
87
25
85
40
57
20
72
15
25
68
51
86
41
35
90
48
90
92
67
83
98
42
79
98
49
24
5
64
72
14
72
58
44
33
66
78
49
35
9
54
99
100
57
66
59
86
0
31
30
25
87
7
7
52
86
28
71
28
52
31
29
19
78
27
3
2
11
94
4
18
70
46
4
80
71
51
59
76
96
80
22
98
96
82
37
7
1
38
89
40
87
55
82
30
98
31
74
78
34
14
85
97
60
53
79
86
8
1
69
9
85
59
36
26
50
15
87
93
80
89
55
90
59
96
1
74
95
48
48
17
4
55
52
96
79
38
45
20
0
37
53
14
56
37
31
10
100
81
67
50
33
83
15
22
0
58
33
31
76
7
93
50
57
47
86
9
64
41
9
83
89
18
75
19
71
62
3
7
22
62
51
3
46
62
72
64
42
58
44
88
69
86
99
92
68
32
18
15
29
68
96
20
80
92
72
4
7
41
99
43
56
95
78
57
67
88
80
22
41
5
99
52
48
78
99
52
86
14
58
15
16
19
92
5
90
44
16
79
75
94
35
89
39
17
32
83
39
74
76
4
58
70
49
57
50
82
82
66
62
10
95
97
60
62
35
100
0
34
77
7
15
74
89
1
13
54
32
11
44
4
42
79
79
63
89
67
45
67
54
53
4
87
54
54
75
11
7
69
96
64
47
90
48
33
89
3
36
73
88
20
17
64
1
56
63
98
89
99
61
84
85
65
94
4
44
32
91
87
64
21
93
50
68
57
31
22
8
54
55
37
51
52
6
92
9
69
87
71
62
15
92
93
93
92
94
8
44
57
43
46
13
34
87
79
8
56
94
97
41
59
58
37
92
59
40
85
50
76
25
88
78
36
75
37
44
59
92
30
89
20
32
98
34
31
75
31
63
14
22
91
58
17
51
20
28
59
3
79
62
42
63
7
35
51
0
93
32
24
95
35
90
97
23
8
26
82
0
45
18
63
60
39
92
88
51
20
64
39
23
27
31
94
64
62
57
49
97
72
33
16
20
76
91
3
6
79
18
58
66
91
79
40
12
94
38
75
34
98
65
2
94
16
81
24
51
74
9
89
23
66
6
15
21
100
63
31
57
0
67
39
21
82
30
17
73
50
46
27
97
77
50
7
81
41
97
44
72
32
37
13
59
74
75
77
33
22
22
47
3
13
2
7
85
25
91
5
57
82
23
86
75
54
60
41
33
29
19
39
42
44
62
40
36
44
52
98
9
28
1
5
87
83
93
34
20
94
40
19
85
72
67
21
84
10
62
17
69
13
97
84
3
79
99
64
43
90
77
21
0
62
98
30
91
5
62
11
69
41
94
86
7
25
82
80
70
93
37
51
67
55
80
89
3
38
26
34
34
93
65
82
78
56
49
4
45
15
65
11
69
97
63
48
84
44
43
18
22
99
9
16
43
62
34
2
49
82
87
16
2
82
30
65
91
41
90
2
83
63
34
67
67
66
54
79
100
51
29
53
99
27
15
47
62
71
6
58
75
15
33
46
1
94
32
34
57
64
22
48
8
45
27
67
24
60
25
50
31
6
90
92
6
44
89
96
19
36
67
93
4
17
32
18
97
47
56
75
2
92
14
66
100
37
56
42
4
59
80
86
31
75
76
48
0
64
82
59
81
19
41
86
76
31
70
97
92
28
40
99
74
9
72
54
67
4
20
43
58
9
50
39
16
91
98
45
38
90
35
99
12
2
15
41
100
43
90
18
60
94
89
78
1
22
36
9
24
24
15
96
91
76
20
81
8
94
20
59
45
4
19
33
70
54
35
48
49
16
42
95
43
14
57
29
27
42
30
49
87
44
49
21
97
88
37
7
48
43
22
56
10
47
59
17
81
12
47
18
82
99
75
32
94
73
13
31
35
5
26
77
7
24
99
99
5
62
28
40
33
31
11
70
26
46
60
31
79
46
54
9
24
18
52
26
16
1
87
94
56
89
57
89
6
49
77
63
62
75
71
6
23
70
48
3
14
31
14
18
49
46
65
19
